2.620000000000000107e-01 9.300000000000000488e-01 3.000000000000000000e+02
2.620000000000000107e-01 9.324444444444445201e-01 3.000000000000000000e+02
2.620000000000000107e-01 9.348888888888888804e-01 3.000000000000000000e+02
2.620000000000000107e-01 9.373333333333333517e-01 3.000000000000000000e+02
2.620000000000000107e-01 9.397777777777778230e-01 3.000000000000000000e+02
2.620000000000000107e-01 9.422222222222221832e-01 3.000000000000000000e+02
2.620000000000000107e-01 9.446666666666666545e-01 3.000000000000000000e+02
2.620000000000000107e-01 9.471111111111111258e-01 3.000000000000000000e+02
2.620000000000000107e-01 9.495555555555554861e-01 3.000000000000000000e+02
2.620000000000000107e-01 9.519999999999999574e-01 3.000000000000000000e+02
2.642222222222222472e-01 9.300000000000000488e-01 3.000000000000000000e+02
2.642222222222222472e-01 9.324444444444445201e-01 3.000000000000000000e+02
2.642222222222222472e-01 9.348888888888888804e-01 3.000000000000000000e+02
2.642222222222222472e-01 9.373333333333333517e-01 2.960000000000000000e+02
2.642222222222222472e-01 9.397777777777778230e-01 2.960000000000000000e+02
2.642222222222222472e-01 9.422222222222221832e-01 2.960000000000000000e+02
2.642222222222222472e-01 9.446666666666666545e-01 2.960000000000000000e+02
2.642222222222222472e-01 9.471111111111111258e-01 2.960000000000000000e+02
2.642222222222222472e-01 9.495555555555554861e-01 2.990000000000000000e+02
2.642222222222222472e-01 9.519999999999999574e-01 3.000000000000000000e+02
2.664444444444444282e-01 9.300000000000000488e-01 3.000000000000000000e+02
2.664444444444444282e-01 9.324444444444445201e-01 3.000000000000000000e+02
2.664444444444444282e-01 9.348888888888888804e-01 3.000000000000000000e+02
2.664444444444444282e-01 9.373333333333333517e-01 2.890000000000000000e+02
2.664444444444444282e-01 9.397777777777778230e-01 2.890000000000000000e+02
2.664444444444444282e-01 9.422222222222221832e-01 2.890000000000000000e+02
2.664444444444444282e-01 9.446666666666666545e-01 2.890000000000000000e+02
2.664444444444444282e-01 9.471111111111111258e-01 2.890000000000000000e+02
2.664444444444444282e-01 9.495555555555554861e-01 2.970000000000000000e+02
2.664444444444444282e-01 9.519999999999999574e-01 3.000000000000000000e+02
2.686666666666666647e-01 9.300000000000000488e-01 3.000000000000000000e+02
2.686666666666666647e-01 9.324444444444445201e-01 3.000000000000000000e+02
2.686666666666666647e-01 9.348888888888888804e-01 3.000000000000000000e+02
2.686666666666666647e-01 9.373333333333333517e-01 2.870000000000000000e+02
2.686666666666666647e-01 9.397777777777778230e-01 2.870000000000000000e+02
2.686666666666666647e-01 9.422222222222221832e-01 2.870000000000000000e+02
2.686666666666666647e-01 9.446666666666666545e-01 2.870000000000000000e+02
2.686666666666666647e-01 9.471111111111111258e-01 2.870000000000000000e+02
2.686666666666666647e-01 9.495555555555554861e-01 2.950000000000000000e+02
2.686666666666666647e-01 9.519999999999999574e-01 3.000000000000000000e+02
2.708888888888889013e-01 9.300000000000000488e-01 3.000000000000000000e+02
2.708888888888889013e-01 9.324444444444445201e-01 3.000000000000000000e+02
2.708888888888889013e-01 9.348888888888888804e-01 3.000000000000000000e+02
2.708888888888889013e-01 9.373333333333333517e-01 2.810000000000000000e+02
2.708888888888889013e-01 9.397777777777778230e-01 2.810000000000000000e+02
2.708888888888889013e-01 9.422222222222221832e-01 2.810000000000000000e+02
2.708888888888889013e-01 9.446666666666666545e-01 2.810000000000000000e+02
2.708888888888889013e-01 9.471111111111111258e-01 2.810000000000000000e+02
2.708888888888889013e-01 9.495555555555554861e-01 2.920000000000000000e+02
2.708888888888889013e-01 9.519999999999999574e-01 3.000000000000000000e+02
2.731111111111110823e-01 9.300000000000000488e-01 3.000000000000000000e+02
2.731111111111110823e-01 9.324444444444445201e-01 3.000000000000000000e+02
2.731111111111110823e-01 9.348888888888888804e-01 3.000000000000000000e+02
2.731111111111110823e-01 9.373333333333333517e-01 2.800000000000000000e+02
2.731111111111110823e-01 9.397777777777778230e-01 2.800000000000000000e+02
2.731111111111110823e-01 9.422222222222221832e-01 2.800000000000000000e+02
2.731111111111110823e-01 9.446666666666666545e-01 2.800000000000000000e+02
2.731111111111110823e-01 9.471111111111111258e-01 2.800000000000000000e+02
2.731111111111110823e-01 9.495555555555554861e-01 2.900000000000000000e+02
2.731111111111110823e-01 9.519999999999999574e-01 3.000000000000000000e+02
2.753333333333333188e-01 9.300000000000000488e-01 3.000000000000000000e+02
2.753333333333333188e-01 9.324444444444445201e-01 3.000000000000000000e+02
2.753333333333333188e-01 9.348888888888888804e-01 3.000000000000000000e+02
2.753333333333333188e-01 9.373333333333333517e-01 2.830000000000000000e+02
2.753333333333333188e-01 9.397777777777778230e-01 2.830000000000000000e+02
2.753333333333333188e-01 9.422222222222221832e-01 2.830000000000000000e+02
2.753333333333333188e-01 9.446666666666666545e-01 2.830000000000000000e+02
2.753333333333333188e-01 9.471111111111111258e-01 2.830000000000000000e+02
2.753333333333333188e-01 9.495555555555554861e-01 2.900000000000000000e+02
2.753333333333333188e-01 9.519999999999999574e-01 3.000000000000000000e+02
2.775555555555555554e-01 9.300000000000000488e-01 3.000000000000000000e+02
2.775555555555555554e-01 9.324444444444445201e-01 3.000000000000000000e+02
2.775555555555555554e-01 9.348888888888888804e-01 3.000000000000000000e+02
2.775555555555555554e-01 9.373333333333333517e-01 3.000000000000000000e+02
2.775555555555555554e-01 9.397777777777778230e-01 2.990000000000000000e+02
2.775555555555555554e-01 9.422222222222221832e-01 2.990000000000000000e+02
2.775555555555555554e-01 9.446666666666666545e-01 2.990000000000000000e+02
2.775555555555555554e-01 9.471111111111111258e-01 2.990000000000000000e+02
2.775555555555555554e-01 9.495555555555554861e-01 2.990000000000000000e+02
2.775555555555555554e-01 9.519999999999999574e-01 3.000000000000000000e+02
2.797777777777777364e-01 9.300000000000000488e-01 3.000000000000000000e+02
2.797777777777777364e-01 9.324444444444445201e-01 3.000000000000000000e+02
2.797777777777777364e-01 9.348888888888888804e-01 3.000000000000000000e+02
2.797777777777777364e-01 9.373333333333333517e-01 3.000000000000000000e+02
2.797777777777777364e-01 9.397777777777778230e-01 3.000000000000000000e+02
2.797777777777777364e-01 9.422222222222221832e-01 3.000000000000000000e+02
2.797777777777777364e-01 9.446666666666666545e-01 3.000000000000000000e+02
2.797777777777777364e-01 9.471111111111111258e-01 3.000000000000000000e+02
2.797777777777777364e-01 9.495555555555554861e-01 3.000000000000000000e+02
2.797777777777777364e-01 9.519999999999999574e-01 3.000000000000000000e+02
2.819999999999999729e-01 9.300000000000000488e-01 3.000000000000000000e+02
2.819999999999999729e-01 9.324444444444445201e-01 3.000000000000000000e+02
2.819999999999999729e-01 9.348888888888888804e-01 3.000000000000000000e+02
2.819999999999999729e-01 9.373333333333333517e-01 3.000000000000000000e+02
2.819999999999999729e-01 9.397777777777778230e-01 3.000000000000000000e+02
2.819999999999999729e-01 9.422222222222221832e-01 3.000000000000000000e+02
2.819999999999999729e-01 9.446666666666666545e-01 3.000000000000000000e+02
2.819999999999999729e-01 9.471111111111111258e-01 3.000000000000000000e+02
2.819999999999999729e-01 9.495555555555554861e-01 3.000000000000000000e+02
2.819999999999999729e-01 9.519999999999999574e-01 3.000000000000000000e+02
