7.177936523067520724e-01
7.193783777291012926e-01
6.326507527004628928e-01
6.360425700817541328e-01
4.231214085799306912e-01
4.234052096420355404e-01
3.626339770543590135e-01
3.638330953224955810e-01
3.640673040457957366e-01
3.257925039292415281e-01
3.264228273155369009e-01
2.042792394763291441e-01
2.042078142748300629e-01
1.789081433815523647e-01
1.791081320391065823e-01
1.790971733028542678e-01
1.621445803960325227e-01
9.907828322107120611e-02
9.908774623466672093e-02
9.899748516499670692e-02
8.789682138447965642e-02
8.791257854921712134e-02
8.786727004178246370e-02
4.843775866173423428e-02
4.844355310083228033e-02
4.841382660466708038e-02
4.835241808416646664e-02
4.330959860226021862e-02
4.329445088366953853e-02
2.725981302063280182e-02
2.720101771366769880e-02
2.384646824412668675e-02
2.382187489270334163e-02
2.378599927656531096e-02
2.143104798733705407e-02
1.345343959302169531e-02
1.342882587261795026e-02
1.339776799564567494e-02
1.180726864655043916e-02
