5.532709836696483308e-01
4.535477312411813622e-01
3.633983393628308911e-01
2.976365062167242170e-01
4.227014874990945303e-01
3.522375277349960587e-01
3.021138350432296393e-01
2.488947781722887498e-01
2.083815872530198343e-01
1.746343422717899496e-01
1.453016756751199789e-01
2.108932966457239822e-01
1.757313029398696880e-01
1.529864540246987925e-01
1.264213494469404453e-01
1.058393863900979337e-01
9.038850303134790543e-02
1.346274254287463390e-01
1.109538109751856821e-01
9.214650316409334074e-02
8.110617690087587595e-02
6.690590575136692864e-02
5.582656080122615910e-02
8.944331901532978635e-02
7.310012078886683751e-02
6.002594822205545300e-02
4.964308557327046928e-02
4.411546018535716235e-02
3.627481739020659707e-02
5.425313829985661807e-02
4.464771249571972134e-02
4.045757530852807371e-02
3.309492438995148555e-02
2.725018063905315646e-02
2.442634846606986029e-02
3.724136170406678464e-02
3.039555666830356939e-02
2.490140845261767238e-02
2.271490238653845611e-02
