2.972138936100513495e-01
2.860155525380522201e-01
1.714351882204352417e-01
1.714650568013333654e-01
1.691966677757714421e-01
1.657083901088335642e-01
1.087364729894656629e-01
1.079752432421345609e-01
1.066060931045731686e-01
7.158787264082824842e-02
7.128364193302848262e-02
7.066052545033624233e-02
6.979661838313709621e-02
4.800107785203765881e-02
4.769342364908131515e-02
4.724430904616461202e-02
3.275037686365499245e-02
3.259070113456559448e-02
3.234614534865855318e-02
3.203109109631901985e-02
2.247095120565432286e-02
2.233341408776334802e-02
2.215152285320676206e-02
1.559973128032820372e-02
1.552055446785446935e-02
1.541317601342715587e-02
1.528130895810931450e-02
1.084182547479475150e-02
1.077733832337954105e-02
1.069686673318268923e-02
1.060233832686635104e-02
7.566234010402549288e-03
7.516483363661944327e-03
7.457379246708504411e-03
5.329793221316131424e-03
5.298707879041890216e-03
5.261375801562101842e-03
5.218435466179188569e-03
3.745559875731115963e-03
