7.187999999999999945e-01
7.197000000000000064e-01
6.371999999999999886e-01
6.291999999999999815e-01
4.222000000000000197e-01
4.263000000000000123e-01
3.675999999999999823e-01
3.700999999999999845e-01
3.521000000000000241e-01
3.237999999999999767e-01
3.266999999999999904e-01
2.034999999999999865e-01
1.998999999999999944e-01
1.768000000000000127e-01
1.774999999999999911e-01
1.794999999999999929e-01
1.608999999999999875e-01
9.719999999999999474e-02
9.819999999999999563e-02
9.859999999999999321e-02
8.880000000000000393e-02
8.890000000000000679e-02
8.970000000000000195e-02
4.479999999999999954e-02
4.710000000000000298e-02
4.959999999999999826e-02
4.920000000000000068e-02
4.139999999999999930e-02
4.399999999999999745e-02
2.400000000000000050e-02
2.699999999999999969e-02
2.429999999999999868e-02
2.230000000000000038e-02
2.270000000000000143e-02
2.409999999999999989e-02
1.170000000000000033e-02
1.569999999999999868e-02
1.319999999999999993e-02
1.209999999999999964e-02
