5.571000000000000396e-01
4.590000000000000191e-01
3.682000000000000273e-01
2.923000000000000043e-01
4.134999999999999787e-01
3.497999999999999998e-01
3.079000000000000070e-01
2.494000000000000106e-01
2.097999999999999865e-01
1.708000000000000074e-01
1.489999999999999936e-01
2.149999999999999967e-01
1.726999999999999924e-01
1.567999999999999949e-01
1.335999999999999965e-01
1.078000000000000069e-01
9.299999999999999933e-02
1.343999999999999917e-01
1.092000000000000054e-01
9.610000000000000486e-02
7.610000000000000098e-02
7.080000000000000182e-02
5.220000000000000334e-02
9.049999999999999711e-02
7.430000000000000493e-02
6.260000000000000286e-02
5.229999999999999927e-02
4.189999999999999974e-02
3.359999999999999792e-02
5.589999999999999830e-02
4.309999999999999942e-02
3.749999999999999861e-02
3.209999999999999659e-02
2.719999999999999848e-02
2.670000000000000151e-02
3.579999999999999849e-02
3.209999999999999659e-02
2.560000000000000123e-02
2.220000000000000098e-02
