2.970999999999999752e-01
2.844999999999999751e-01
1.688999999999999946e-01
1.706999999999999906e-01
1.690000000000000113e-01
1.660999999999999976e-01
1.101000000000000034e-01
1.029000000000000054e-01
1.073000000000000065e-01
7.259999999999999787e-02
7.679999999999999327e-02
6.869999999999999718e-02
7.320000000000000118e-02
5.090000000000000080e-02
4.789999999999999813e-02
4.150000000000000216e-02
3.610000000000000014e-02
3.150000000000000022e-02
2.860000000000000042e-02
3.200000000000000067e-02
2.170000000000000054e-02
2.050000000000000086e-02
2.340000000000000066e-02
1.619999999999999912e-02
1.600000000000000033e-02
1.299999999999999940e-02
1.359999999999999924e-02
1.030000000000000013e-02
1.159999999999999920e-02
1.080000000000000057e-02
1.039999999999999952e-02
7.199999999999999803e-03
9.199999999999999845e-03
7.799999999999999642e-03
4.100000000000000346e-03
5.700000000000000205e-03
5.400000000000000286e-03
4.700000000000000185e-03
3.200000000000000153e-03
