2.700000000000000178e-01 9.399999999999999467e-01 2.820000000000000000e+02
2.700000000000000178e-01 9.449999999999999512e-01 2.820000000000000000e+02
2.700816326530612321e-01 9.399999999999999467e-01 2.820000000000000000e+02
2.700816326530612321e-01 9.449999999999999512e-01 2.820000000000000000e+02
2.701632653061224465e-01 9.399999999999999467e-01 2.820000000000000000e+02
2.701632653061224465e-01 9.449999999999999512e-01 2.820000000000000000e+02
2.702448979591837164e-01 9.399999999999999467e-01 2.820000000000000000e+02
2.702448979591837164e-01 9.449999999999999512e-01 2.820000000000000000e+02
2.703265306122449307e-01 9.399999999999999467e-01 2.820000000000000000e+02
2.703265306122449307e-01 9.449999999999999512e-01 2.820000000000000000e+02
2.704081632653061451e-01 9.399999999999999467e-01 2.820000000000000000e+02
2.704081632653061451e-01 9.449999999999999512e-01 2.820000000000000000e+02
2.704897959183673595e-01 9.399999999999999467e-01 2.810000000000000000e+02
2.704897959183673595e-01 9.449999999999999512e-01 2.810000000000000000e+02
2.705714285714285738e-01 9.399999999999999467e-01 2.810000000000000000e+02
2.705714285714285738e-01 9.449999999999999512e-01 2.810000000000000000e+02
2.706530612244897882e-01 9.399999999999999467e-01 2.810000000000000000e+02
2.706530612244897882e-01 9.449999999999999512e-01 2.810000000000000000e+02
2.707346938775510581e-01 9.399999999999999467e-01 2.810000000000000000e+02
2.707346938775510581e-01 9.449999999999999512e-01 2.810000000000000000e+02
2.708163265306122724e-01 9.399999999999999467e-01 2.810000000000000000e+02
2.708163265306122724e-01 9.449999999999999512e-01 2.810000000000000000e+02
2.708979591836734868e-01 9.399999999999999467e-01 2.810000000000000000e+02
2.708979591836734868e-01 9.449999999999999512e-01 2.810000000000000000e+02
2.709795918367347012e-01 9.399999999999999467e-01 2.810000000000000000e+02
2.709795918367347012e-01 9.449999999999999512e-01 2.810000000000000000e+02
2.710612244897959155e-01 9.399999999999999467e-01 2.810000000000000000e+02
2.710612244897959155e-01 9.449999999999999512e-01 2.810000000000000000e+02
2.711428571428571854e-01 9.399999999999999467e-01 2.810000000000000000e+02
2.711428571428571854e-01 9.449999999999999512e-01 2.810000000000000000e+02
2.712244897959183998e-01 9.399999999999999467e-01 2.810000000000000000e+02
2.712244897959183998e-01 9.449999999999999512e-01 2.810000000000000000e+02
2.713061224489796142e-01 9.399999999999999467e-01 2.810000000000000000e+02
2.713061224489796142e-01 9.449999999999999512e-01 2.810000000000000000e+02
2.713877551020408285e-01 9.399999999999999467e-01 2.810000000000000000e+02
2.713877551020408285e-01 9.449999999999999512e-01 2.810000000000000000e+02
2.714693877551020429e-01 9.399999999999999467e-01 2.800000000000000000e+02
2.714693877551020429e-01 9.449999999999999512e-01 2.800000000000000000e+02
2.715510204081632573e-01 9.399999999999999467e-01 2.800000000000000000e+02
2.715510204081632573e-01 9.449999999999999512e-01 2.800000000000000000e+02
2.716326530612245271e-01 9.399999999999999467e-01 2.800000000000000000e+02
2.716326530612245271e-01 9.449999999999999512e-01 2.800000000000000000e+02
2.717142857142857415e-01 9.399999999999999467e-01 2.800000000000000000e+02
2.717142857142857415e-01 9.449999999999999512e-01 2.800000000000000000e+02
2.717959183673469559e-01 9.399999999999999467e-01 2.800000000000000000e+02
2.717959183673469559e-01 9.449999999999999512e-01 2.800000000000000000e+02
2.718775510204081702e-01 9.399999999999999467e-01 2.800000000000000000e+02
2.718775510204081702e-01 9.449999999999999512e-01 2.800000000000000000e+02
2.719591836734693846e-01 9.399999999999999467e-01 2.800000000000000000e+02
2.719591836734693846e-01 9.449999999999999512e-01 2.800000000000000000e+02
2.720408163265306545e-01 9.399999999999999467e-01 2.800000000000000000e+02
2.720408163265306545e-01 9.449999999999999512e-01 2.800000000000000000e+02
2.721224489795918688e-01 9.399999999999999467e-01 2.800000000000000000e+02
2.721224489795918688e-01 9.449999999999999512e-01 2.800000000000000000e+02
2.722040816326530832e-01 9.399999999999999467e-01 2.800000000000000000e+02
2.722040816326530832e-01 9.449999999999999512e-01 2.800000000000000000e+02
2.722857142857142976e-01 9.399999999999999467e-01 2.800000000000000000e+02
2.722857142857142976e-01 9.449999999999999512e-01 2.800000000000000000e+02
2.723673469387755119e-01 9.399999999999999467e-01 2.800000000000000000e+02
2.723673469387755119e-01 9.449999999999999512e-01 2.800000000000000000e+02
2.724489795918367818e-01 9.399999999999999467e-01 2.800000000000000000e+02
2.724489795918367818e-01 9.449999999999999512e-01 2.800000000000000000e+02
2.725306122448979962e-01 9.399999999999999467e-01 2.800000000000000000e+02
2.725306122448979962e-01 9.449999999999999512e-01 2.800000000000000000e+02
2.726122448979592106e-01 9.399999999999999467e-01 2.800000000000000000e+02
2.726122448979592106e-01 9.449999999999999512e-01 2.800000000000000000e+02
2.726938775510204249e-01 9.399999999999999467e-01 2.800000000000000000e+02
2.726938775510204249e-01 9.449999999999999512e-01 2.800000000000000000e+02
2.727755102040816393e-01 9.399999999999999467e-01 2.800000000000000000e+02
2.727755102040816393e-01 9.449999999999999512e-01 2.800000000000000000e+02
2.728571428571428537e-01 9.399999999999999467e-01 2.800000000000000000e+02
2.728571428571428537e-01 9.449999999999999512e-01 2.800000000000000000e+02
2.729387755102041235e-01 9.399999999999999467e-01 2.800000000000000000e+02
2.729387755102041235e-01 9.449999999999999512e-01 2.800000000000000000e+02
2.730204081632653379e-01 9.399999999999999467e-01 2.800000000000000000e+02
2.730204081632653379e-01 9.449999999999999512e-01 2.800000000000000000e+02
2.731020408163265523e-01 9.399999999999999467e-01 2.800000000000000000e+02
2.731020408163265523e-01 9.449999999999999512e-01 2.800000000000000000e+02
2.731836734693877666e-01 9.399999999999999467e-01 2.800000000000000000e+02
2.731836734693877666e-01 9.449999999999999512e-01 2.800000000000000000e+02
2.732653061224489810e-01 9.399999999999999467e-01 2.800000000000000000e+02
2.732653061224489810e-01 9.449999999999999512e-01 2.800000000000000000e+02
2.733469387755102509e-01 9.399999999999999467e-01 2.800000000000000000e+02
2.733469387755102509e-01 9.449999999999999512e-01 2.800000000000000000e+02
2.734285714285714652e-01 9.399999999999999467e-01 2.800000000000000000e+02
2.734285714285714652e-01 9.449999999999999512e-01 2.800000000000000000e+02
2.735102040816326796e-01 9.399999999999999467e-01 2.800000000000000000e+02
2.735102040816326796e-01 9.449999999999999512e-01 2.800000000000000000e+02
2.735918367346938940e-01 9.399999999999999467e-01 2.800000000000000000e+02
2.735918367346938940e-01 9.449999999999999512e-01 2.800000000000000000e+02
2.736734693877551083e-01 9.399999999999999467e-01 2.800000000000000000e+02
2.736734693877551083e-01 9.449999999999999512e-01 2.800000000000000000e+02
2.737551020408163227e-01 9.399999999999999467e-01 2.800000000000000000e+02
2.737551020408163227e-01 9.449999999999999512e-01 2.800000000000000000e+02
2.738367346938775926e-01 9.399999999999999467e-01 2.800000000000000000e+02
2.738367346938775926e-01 9.449999999999999512e-01 2.800000000000000000e+02
2.739183673469388069e-01 9.399999999999999467e-01 2.800000000000000000e+02
2.739183673469388069e-01 9.449999999999999512e-01 2.800000000000000000e+02
2.740000000000000213e-01 9.399999999999999467e-01 2.800000000000000000e+02
2.740000000000000213e-01 9.449999999999999512e-01 2.800000000000000000e+02
