2.300000000000000100e-01 9.000000000000000222e-01 3.000000000000000000e+02
2.300000000000000100e-01 9.088888888888888573e-01 3.000000000000000000e+02
2.300000000000000100e-01 9.177777777777778034e-01 3.000000000000000000e+02
2.300000000000000100e-01 9.266666666666666385e-01 3.000000000000000000e+02
2.300000000000000100e-01 9.355555555555555847e-01 3.000000000000000000e+02
2.300000000000000100e-01 9.444444444444444198e-01 3.000000000000000000e+02
2.300000000000000100e-01 9.533333333333333659e-01 3.000000000000000000e+02
2.300000000000000100e-01 9.622222222222222010e-01 3.000000000000000000e+02
2.300000000000000100e-01 9.711111111111110361e-01 3.000000000000000000e+02
2.300000000000000100e-01 9.799999999999999822e-01 3.000000000000000000e+02
2.377777777777777823e-01 9.000000000000000222e-01 3.000000000000000000e+02
2.377777777777777823e-01 9.088888888888888573e-01 3.000000000000000000e+02
2.377777777777777823e-01 9.177777777777778034e-01 3.000000000000000000e+02
2.377777777777777823e-01 9.266666666666666385e-01 3.000000000000000000e+02
2.377777777777777823e-01 9.355555555555555847e-01 3.000000000000000000e+02
2.377777777777777823e-01 9.444444444444444198e-01 3.000000000000000000e+02
2.377777777777777823e-01 9.533333333333333659e-01 3.000000000000000000e+02
2.377777777777777823e-01 9.622222222222222010e-01 3.000000000000000000e+02
2.377777777777777823e-01 9.711111111111110361e-01 3.000000000000000000e+02
2.377777777777777823e-01 9.799999999999999822e-01 3.000000000000000000e+02
2.455555555555555547e-01 9.000000000000000222e-01 3.000000000000000000e+02
2.455555555555555547e-01 9.088888888888888573e-01 3.000000000000000000e+02
2.455555555555555547e-01 9.177777777777778034e-01 3.000000000000000000e+02
2.455555555555555547e-01 9.266666666666666385e-01 3.000000000000000000e+02
2.455555555555555547e-01 9.355555555555555847e-01 3.000000000000000000e+02
2.455555555555555547e-01 9.444444444444444198e-01 3.000000000000000000e+02
2.455555555555555547e-01 9.533333333333333659e-01 3.000000000000000000e+02
2.455555555555555547e-01 9.622222222222222010e-01 3.000000000000000000e+02
2.455555555555555547e-01 9.711111111111110361e-01 3.000000000000000000e+02
2.455555555555555547e-01 9.799999999999999822e-01 3.000000000000000000e+02
2.533333333333333548e-01 9.000000000000000222e-01 3.000000000000000000e+02
2.533333333333333548e-01 9.088888888888888573e-01 3.000000000000000000e+02
2.533333333333333548e-01 9.177777777777778034e-01 3.000000000000000000e+02
2.533333333333333548e-01 9.266666666666666385e-01 3.000000000000000000e+02
2.533333333333333548e-01 9.355555555555555847e-01 3.000000000000000000e+02
2.533333333333333548e-01 9.444444444444444198e-01 3.000000000000000000e+02
2.533333333333333548e-01 9.533333333333333659e-01 3.000000000000000000e+02
2.533333333333333548e-01 9.622222222222222010e-01 3.000000000000000000e+02
2.533333333333333548e-01 9.711111111111110361e-01 3.000000000000000000e+02
2.533333333333333548e-01 9.799999999999999822e-01 3.000000000000000000e+02
2.611111111111111271e-01 9.000000000000000222e-01 3.000000000000000000e+02
2.611111111111111271e-01 9.088888888888888573e-01 3.000000000000000000e+02
2.611111111111111271e-01 9.177777777777778034e-01 3.000000000000000000e+02
2.611111111111111271e-01 9.266666666666666385e-01 3.000000000000000000e+02
2.611111111111111271e-01 9.355555555555555847e-01 3.000000000000000000e+02
2.611111111111111271e-01 9.444444444444444198e-01 3.000000000000000000e+02
2.611111111111111271e-01 9.533333333333333659e-01 3.000000000000000000e+02
2.611111111111111271e-01 9.622222222222222010e-01 3.000000000000000000e+02
2.611111111111111271e-01 9.711111111111110361e-01 3.000000000000000000e+02
2.611111111111111271e-01 9.799999999999999822e-01 3.000000000000000000e+02
2.688888888888888995e-01 9.000000000000000222e-01 3.000000000000000000e+02
2.688888888888888995e-01 9.088888888888888573e-01 3.000000000000000000e+02
2.688888888888888995e-01 9.177777777777778034e-01 3.000000000000000000e+02
2.688888888888888995e-01 9.266666666666666385e-01 3.000000000000000000e+02
2.688888888888888995e-01 9.355555555555555847e-01 3.000000000000000000e+02
2.688888888888888995e-01 9.444444444444444198e-01 2.900000000000000000e+02
2.688888888888888995e-01 9.533333333333333659e-01 3.000000000000000000e+02
2.688888888888888995e-01 9.622222222222222010e-01 3.000000000000000000e+02
2.688888888888888995e-01 9.711111111111110361e-01 3.000000000000000000e+02
2.688888888888888995e-01 9.799999999999999822e-01 3.000000000000000000e+02
2.766666666666666718e-01 9.000000000000000222e-01 3.000000000000000000e+02
2.766666666666666718e-01 9.088888888888888573e-01 3.000000000000000000e+02
2.766666666666666718e-01 9.177777777777778034e-01 3.000000000000000000e+02
2.766666666666666718e-01 9.266666666666666385e-01 3.000000000000000000e+02
2.766666666666666718e-01 9.355555555555555847e-01 3.000000000000000000e+02
2.766666666666666718e-01 9.444444444444444198e-01 3.000000000000000000e+02
2.766666666666666718e-01 9.533333333333333659e-01 3.000000000000000000e+02
2.766666666666666718e-01 9.622222222222222010e-01 3.000000000000000000e+02
2.766666666666666718e-01 9.711111111111110361e-01 3.000000000000000000e+02
2.766666666666666718e-01 9.799999999999999822e-01 3.000000000000000000e+02
2.844444444444444442e-01 9.000000000000000222e-01 3.000000000000000000e+02
2.844444444444444442e-01 9.088888888888888573e-01 3.000000000000000000e+02
2.844444444444444442e-01 9.177777777777778034e-01 3.000000000000000000e+02
2.844444444444444442e-01 9.266666666666666385e-01 3.000000000000000000e+02
2.844444444444444442e-01 9.355555555555555847e-01 3.000000000000000000e+02
2.844444444444444442e-01 9.444444444444444198e-01 3.000000000000000000e+02
2.844444444444444442e-01 9.533333333333333659e-01 3.000000000000000000e+02
2.844444444444444442e-01 9.622222222222222010e-01 3.000000000000000000e+02
2.844444444444444442e-01 9.711111111111110361e-01 3.000000000000000000e+02
2.844444444444444442e-01 9.799999999999999822e-01 3.000000000000000000e+02
2.922222222222222165e-01 9.000000000000000222e-01 3.000000000000000000e+02
2.922222222222222165e-01 9.088888888888888573e-01 3.000000000000000000e+02
2.922222222222222165e-01 9.177777777777778034e-01 3.000000000000000000e+02
2.922222222222222165e-01 9.266666666666666385e-01 3.000000000000000000e+02
2.922222222222222165e-01 9.355555555555555847e-01 3.000000000000000000e+02
2.922222222222222165e-01 9.444444444444444198e-01 3.000000000000000000e+02
2.922222222222222165e-01 9.533333333333333659e-01 3.000000000000000000e+02
2.922222222222222165e-01 9.622222222222222010e-01 3.000000000000000000e+02
2.922222222222222165e-01 9.711111111111110361e-01 3.000000000000000000e+02
2.922222222222222165e-01 9.799999999999999822e-01 3.000000000000000000e+02
2.999999999999999889e-01 9.000000000000000222e-01 3.000000000000000000e+02
2.999999999999999889e-01 9.088888888888888573e-01 3.000000000000000000e+02
2.999999999999999889e-01 9.177777777777778034e-01 3.000000000000000000e+02
2.999999999999999889e-01 9.266666666666666385e-01 3.000000000000000000e+02
2.999999999999999889e-01 9.355555555555555847e-01 3.000000000000000000e+02
2.999999999999999889e-01 9.444444444444444198e-01 3.000000000000000000e+02
2.999999999999999889e-01 9.533333333333333659e-01 3.000000000000000000e+02
2.999999999999999889e-01 9.622222222222222010e-01 3.000000000000000000e+02
2.999999999999999889e-01 9.711111111111110361e-01 3.000000000000000000e+02
2.999999999999999889e-01 9.799999999999999822e-01 3.000000000000000000e+02
